0  156  0  0  246  0  184  0  0  0  0  0  0  0  0  0  0  462  0  0  171  0  157  0  363  
156  0  323  0  0  0  0  0  0  0  0  0  0  0  0  0  0  0  0  0  0  0  0  0  0  
0  323  0  151  0  0  0  0  0  0  0  0  0  0  0  0  0  0  0  0  0  0  0  0  0  
0  0  151  0  0  545  0  0  0  0  0  0  0  0  0  0  0  0  0  0  0  0  0  0  0  
246  0  0  0  0  174  0  100  0  0  0  0  0  0  0  0  0  0  0  0  0  0  0  0  0  
0  0  0  545  174  0  0  0  0  0  0  0  0  0  0  0  0  0  0  0  0  0  0  0  0  
184  0  0  0  0  0  0  83  224  0  0  0  0  0  0  0  0  0  0  0  0  192  0  0  0  
0  0  0  0  100  0  83  0  0  0  0  0  0  0  0  0  0  0  0  0  0  0  0  0  0  
0  0  0  0  0  0  224  0  0  209  0  0  0  0  217  0  0  0  0  0  0  0  0  0  0  
0  0  0  0  0  0  0  0  209  0  116  0  0  0  0  0  0  0  0  0  0  0  0  0  0  
0  0  0  0  0  0  0  0  0  116  0  180  0  0  0  0  0  0  0  0  0  0  0  0  0  
0  0  0  0  0  0  0  0  0  0  180  0  157  251  0  0  0  0  0  0  0  0  0  0  0  
0  0  0  0  0  0  0  0  0  0  0  157  0  342  0  0  0  0  0  0  0  0  0  0  0  
0  0  0  0  0  0  0  0  0  0  0  251  342  0  111  208  0  0  0  0  0  382  0  0  0  
0  0  0  0  0  0  0  0  217  0  0  0  0  111  0  0  0  0  0  0  0  0  0  0  0  
0  0  0  0  0  0  0  0  0  0  0  0  0  208  0  0  335  462  0  0  0  0  0  0  0  
0  0  0  0  0  0  0  0  0  0  0  0  0  0  0  335  0  0  0  0  0  0  0  0  0  
462  0  0  0  0  0  0  0  0  0  0  0  0  0  0  462  0  0  212  0  0  0  0  0  0  
0  0  0  0  0  0  0  0  0  0  0  0  0  0  0  0  0  212  0  135  0  0  0  0  0  
0  0  0  0  0  0  0  0  0  0  0  0  0  0  0  0  0  0  135  0  174  0  0  0  0  
171  0  0  0  0  0  0  0  0  0  0  0  0  0  0  0  0  0  0  174  0  0  0  0  0  
0  0  0  0  0  0  192  0  0  0  0  0  0  382  0  0  0  0  0  0  0  0  0  0  0  
157  0  0  0  0  0  0  0  0  0  0  0  0  0  0  0  0  0  0  0  0  0  0  171  0  
0  0  0  0  0  0  0  0  0  0  0  0  0  0  0  0  0  0  0  0  0  0  171  0  0  
363  0  0  0  0  0  0  0  0  0  0  0  0  0  0  0  0  0  0  0  0  0  0  0  0  

